2.40182642281556 2.50722879641323
1.80505693090666 2.02621504628893
2.46445870708 2.15111325333156
1.32616427551812 2.33627133319779
1.44497741301555 2.60806721862188
2.79016576489817 2.05780065663047
1.78595854752347 2.39375619149593
1.16079988117207 1.59395812736302
3.35792041682131 1.40013712755753
2.8320572235346 2.17170173314976
2.66552420799473 2.81609089216899
2.25051672198934 1.74816652183217
1.77260353777255 2.00067154690032
2.67353082816082 2.12569551775967
2.62610964207415 1.88915065798602
1.90654266629746 2.02763036997966
3.31599363431845 1.51313510429433
2.44165129809886 2.09925630801749
3.15911120869913 2.42183247134232
1.34025710282021 2.0505729468306
0.12275017746986 2.2588740049746
3.92856007276166 1.78381039650394
2.3854310431043 2.64459404578735
2.20439045980454 2.0589463525742
0.962968787690357 1.7450286804825
2.28427833212862 2.11636148927403
1.86236100474824 2.03645463965338
1.87892265764031 2.06687459513465
1.86411625293289 1.92447518233821
1.85205221105095 2.13096934595028
2.55048170889736 1.79824409625926
1.18646146760404 2.82521911790491
2.78772433386059 1.41464053029058
1.00898749061003 1.23286133431612
1.93912314809178 1.41501521609599
2.17669187758117 1.99476562661185
2.96853098428293 2.55464217077341
2.38126939729049 2.11053984599657
0.756088327900769 2.61804958947588
1.79134325965074 2.06891087298724
1.88221085797055 1.33130035211993
2.33887438237831 1.23911917191017
2.69491089482354 1.37590879195154
1.66979261631038 1.63816556128073
1.57783606014321 2.15169091961097
3.49746205820229 1.73079910074752
1.90726234481482 2.08363684966095
1.86474414355798 1.40321122242742
1.6441277903354 1.84289347034676
2.60785648086899 2.06720132464296
1.9009826111301 1.85667240835683
1.82050449282137 2.17251018752425
2.78102698366192 1.90948179657303
2.32749430165158 2.75800035782625
3.95916694322591 1.985162664113
3.61297987426237 1.9958461780863
0.989751966240923 2.09979484983763
1.46796550416187 2.2199164106236
1.36354861013413 1.68051622232815
3.61769019599492 2.11885090744749
2.75350630814973 1.53554822904748
2.66855455541733 1.2230771212692
2.76763178855847 1.36395594742777
0.649322003856177 1.78692918187985
2.4897553578819 1.89482820285997
1.7400346236127 2.94724148114479
0.290649785776313 1.59276765131447
1.98014372057135 2.20928148757231
2.86329950448634 2.29686436562355
2.45713658902779 1.88886903992702
2.24272948430581 1.82446345206549
2.91804321204831 1.15117700894259
0.879330126930479 1.84926864884789
2.03078514893821 2.04367828384764
3.09565644456121 2.56400858278487
0.928229638395835 1.61342089078353
0.895153035950747 1.74503741605357
2.02269693876846 2.00981033861485
2.36440107069742 2.4814468995732
2.00674277945036 2.27412391829951
3.28193329744675 1.60295638289527
1.53283491975776 2.20660593930769
1.806032618175 1.71172133535795
1.79624286617472 2.98537751531484
0.9734478842305 1.28507399181697
1.5185895833861 2.62359063676359
2.17740598539246 1.23132839011517
2.21055218876725 1.30551016993704
2.38353082343208 1.89183188955677
1.83207700319307 2.02162850691898
3.20269452594884 2.19944157081897
1.94126899841151 2.00223533980268
0.556327555549502 1.424813633346
2.49073757252863 2.01240391627812
2.97297478989738 2.11390122467875
0.300433875672918 1.63514236138686
0.673405980545509 2.21121382351047
2.20406912133861 1.90655728704363
2.15848373014577 2.01439571982146
1.82116849240582 2.20054942223143
