-1.79908678859222 2.01445759282646
-2.09747153454667 1.05243009257787
-1.76777064646 1.30222650666311
-2.33691786224094 1.67254266639558
-2.27751129349223 2.21613443724376
-1.60491711755091 1.11560131326095
-2.10702072623827 1.78751238299186
-2.41960005941397 0.187916254726033
-1.32103979158935 -0.199725744884941
-1.5839713882327 1.34340346629953
-1.66723789600264 2.63218178433797
-1.87474163900533 0.496333043664343
-2.11369823111373 1.00134309380063
-1.66323458591959 1.25139103551934
-1.68694517896292 0.778301315972049
-2.04672866685127 1.05526073995932
-1.34200318284077 0.0262702085886631
-1.77917435095057 1.19851261603499
-1.42044439565043 1.84366494268463
-2.32987144858989 1.1011458936612
-2.93862491126507 1.5177480099492
-1.03571996361917 0.567620793007878
-1.80728447844785 2.2891880915747
-1.89780477009773 1.11789270514841
-2.51851560615482 0.490057360964992
-1.85786083393569 1.23272297854807
-2.06881949762588 1.07290927930676
-2.06053867117984 1.13374919026931
-2.06794187353355 0.848950364676425
-2.07397389447452 1.26193869190056
-1.72475914555132 0.596488192518527
-2.40676926619798 2.65043823580982
-1.6061378330697 -0.170718939418834
-2.49550625469499 -0.534277331367752
-2.03043842595411 -0.169969567808015
-1.91165406120942 0.989531253223694
-1.51573450785854 2.10928434154681
-1.80936530135476 1.22107969199315
-2.62195583604962 2.23609917895177
-2.10432837017463 1.13782174597449
-2.05889457101473 -0.337399295760137
-1.83056280881085 -0.521761656179669
-1.65254455258823 -0.248182416096917
-2.16510369184481 0.276331122561468
-2.21108196992839 1.30338183922194
-1.25126897089885 0.461598201495048
-2.04636882759259 1.16727369932189
-2.06762792822101 -0.19357755514516
-2.1779361048323 0.68578694069352
-1.6960717595655 1.13440264928592
-2.04950869443495 0.713344816713662
-2.08974775358931 1.34502037504851
-1.60948650816904 0.818963593146069
-1.83625284917421 2.51600071565251
-1.02041652838705 0.970325328226002
-1.19351006286881 0.99169235617259
-2.50512401687954 1.19958969967527
-2.26601724791907 1.4398328212472
-2.31822569493293 0.361032444656308
-1.19115490200254 1.23770181489497
-1.62324684592514 0.071096458094953
-1.66572272229133 -0.553845757461597
-1.61618410572076 -0.272088105144457
-2.67533899807191 0.57385836375971
-1.75512232105905 0.789656405719949
-2.12998268819365 2.89448296228958
-2.85467510711184 0.185535302628939
-2.00992813971433 1.41856297514462
-1.56835024775683 1.59372873124711
-1.77143170548611 0.777738079854049
-1.87863525784709 0.648926904130972
-1.54097839397584 -0.697645982114826
-2.56033493653476 0.698537297695783
-1.98460742553089 1.08735656769528
-1.45217177771939 2.12801716556973
-2.53588518080208 0.226841781567062
-2.55242348202463 0.49007483210714
-1.98865153061577 1.01962067722971
-1.81779946465129 1.9628937991464
-1.99662861027482 1.54824783659902
-1.35903335127662 0.205912765790547
-2.23358254012112 1.41321187861537
-2.0969836909125 0.423442670715891
-2.10187856691264 2.97075503062969
-2.51327605788475 -0.429852016366066
-2.24070520830695 2.24718127352719
-1.91129700730377 -0.537343219769654
-1.89472390561638 -0.388979660125917
-1.80823458828396 0.783663779113538
-2.08396149840347 1.04325701383795
-1.39865273702558 1.39888314163793
-2.02936550079425 1.00447067960536
-2.72183622222525 -0.150372733308001
-1.75463121373569 1.02480783255625
-1.51351260505131 1.22780244935751
-2.84978306216354 0.270284722773725
-2.66329700972725 1.42242764702093
-1.89796543933069 0.813114574087252
-1.92075813492711 1.02879143964292
-2.08941575379709 1.40109884446286
