1.14212107464249 0.874602309083984 -0.0711747643905176
1.27365974710866 -1.15489855131311 -0.130671208965287
0.00640600850281141 -0.274543781487789 -0.154437849554594
0.464630212687176 0.791323924898723 -0.164162829911794
0.575620172240194 1.0250290335175 0.0495217038496652
0.891694171104554 -0.909216069044997 -0.0476530948165901
0.299316654997851 -0.938976555139064 0.017543191235115
1.36925428551312 -0.906655603454906 0.0266196299708748
0.260965046906007 -0.668242163753504 0.134914864121313
1.40102365979485 -0.87206860542287 0.0470080859459151
1.97365475777634 -0.22967352060659 -0.104672051094433
1.87105294439504 0.537100806603244 0.0333534033419207
0.230031269341079 -0.419316315662505 0.072622589575542
0.00319926768885666 -0.263618208160424 -0.0324253618920341
0.0258980798847402 0.570840270030974 0.0616685937281464
0.512470176054639 -0.850548672954274 0.0153116702549161
0.589042336840447 -0.834973506008892 0.0080295006706703
1.85413461104083 0.353494058036512 0.0173398186731142
0.581632957995606 -1.03910854056159 -0.0148664571291409
1.18383369488999 0.987930923892118 0.0837377390006453
0.232232349988978 -0.445684951616939 -0.0802939335747104
1.66146693176483 -0.958344954154433 0.0473312051353952
1.82270718922262 0.36817909253161 0.087373922138514
2.09728602474127 -0.438642334135459 0.0550817572215376
-0.0448271884439322 0.423812148087428 0.0278054725793928
-0.0177942368877799 -0.223600899055049 0.0535656784271208
1.8049231194185 -0.593282895494903 -0.0200090250569018
0.777227364942345 1.00240844898156 -0.0731675301277652
0.47194326945788 0.862415258469407 -0.155212471226976
1.43728852179562 0.918167235765281 -0.0197416244198063
2.15551086927133 -0.0529849350080392 0.0578738077175139
0.477638701684281 -0.474033011643009 0.1133428155278
0.125346259405546 0.182338411249323 0.134094749265436
0.41039845476571 -0.703255232372623 0.0851989198209023
1.75779052977325 0.325104697174258 -0.0513641595329827
0.536599370806247 -1.05374029362401 -0.080607229790768
0.510727105726659 -0.856732943474051 -0.034666804360739
0.0125269103482087 -0.481170384985915 -0.135759904729611
1.4036316079568 0.797922187582451 0.00673363531742971
1.99443694652905 0.114939369092203 0.0865802150071848
0.0273587398025306 -0.485092257221409 -0.0110552312122882
1.5927290427745 0.836316121088326 0.0275665095403496
1.03479722599669 0.997617976217764 0.17261597149974
0.284117302766095 -0.720460789587064 0.0738076227435698
0.654790678000939 0.988102927944777 -0.162085170113127
0.0600686993321831 -0.29377829272406 -0.0529144489965047
2.07941258303578 0.0329076245597341 -0.0901497945254936
1.15135022928453 -0.932988341445564 0.00564498088942261
1.47598793106935 -1.03172953384141 0.0734006831853125
0.373137020863076 0.713177884680518 -0.0655130721023229
0.310259278717661 -0.535636465753941 0.0706835163468128
2.08616326790373 0.424964939790273 -0.0735159057386599
0.759386424470023 0.799338043495849 0.0517892101859421
0.321967204514121 0.502714728566613 0.154075543654237
0.248685882336452 0.758517074370865 0.00165138696935861
1.42053652618781 -1.01696275062718 -0.0658304716050886
1.8581559789426 -0.299011426545401 -0.13616786603311
1.52460218526699 0.869474464694552 0.0579093572765132
0.809224038994888 -0.976238459050872 -0.0586788734245761
1.31451424644236 1.02157247953114 -0.0112386172463734
1.82820672737224 0.645350115558552 0.0584270153624594
0.132775224166804 0.644417631029655 0.0462654541903905
1.87335603649537 0.309022595207542 0.0534112749981139
0.681607819521189 0.811028221909923 0.107754735964566
1.0493581228968 -0.976196561297685 -0.0681784122548783
0.922193617452442 0.864361774031313 -0.132223482672341
1.78410054512672 0.643365348195585 0.0240992380830104
1.85228087525201 0.520888926233413 0.0939096269367597
0.438914873639156 -0.719985467736414 -0.293414207361516
1.10314977163926 -1.02079307489028 -0.0417318950631903
2.04977291352526 -0.409576072873651 0.158182696866568
0.139149308770856 -0.482443709067469 0.0752568976552413
1.04798778574991 1.03491198599093 -0.141267961880069
1.58313803809004 0.833159836134187 -0.0355602083612654
1.31654286777215 -0.963317667978434 0.000608966108954274
0.264211314965993 0.618149199525892 0.168308636719123
1.09896782925277 -0.720804251387607 0.203420385651283
1.39344433177258 0.840134899462188 0.0452759495831616
1.45149361937698 -0.876227129666195 -0.186091175120009
2.09583563415475 -0.36298794722405 0.0280984150515444
0.0749872087347169 -0.316677321553733 0.127478576026331
0.00985945111527629 0.0367284068997803 -0.00287674204172793
0.45994366483217 0.928207170107041 -0.0895930718637218
1.91866331810839 0.501757244043628 0.140947418555833
0.0767876278078655 0.154160664171813 0.023392043302635
2.06496685612735 -0.499747712365613 -0.0641626651702605
1.5033493036927 0.708796240367352 -0.0557652900285913
-0.157084702218501 0.0931623640230681 0.0275328944110798
-0.0387339363933804 0.317752806178942 0.059152741827181
2.08942322602266 -0.0330994866764251 0.0723055862021092
0.132331539231898 0.505473354295702 0.0813854440786937
1.60322805945997 -0.775360932918352 0.0517938390193775
0.0445770836242143 -0.206074918865007 -0.0176361961030265
0.701421198945277 1.12455391148021 0.0729490167648447
1.78994729751427 0.452249327562057 0.0221318086818951
0.490819127750061 -0.872823632332238 -0.178914234886883
0.837593640085358 -1.07827099760765 0.104940199978316
0.193863441979241 0.563915366628241 0.12298551167091
1.81702722219432 -0.0131113146957143 -0.0973868926609184
1.15262963485105 -0.658119239632207 0.0592931775759613
1.80857649282621 -0.644918573446874 -0.0788502882941068
0.090730343247294 0.395105025428014 -0.15047879321975
-0.132262411421324 -0.052923606124436 0.195237917967684
2.01034010437598 -0.386179207649556 -0.156372700731057
1.53758310539157 -0.464889055767352 -0.00469549009394771
0.682032342729897 -0.794560136516576 0.128978466570561
0.25547550814769 -0.754639648030146 -0.13727405875198
1.62473536085156 0.789400526941121 0.0466948523644718
0.283607437231588 -0.729563630520735 -0.0132815833554516
2.11415736949348 0.109976131837708 0.0450836591054661
0.119387884580356 0.224881695535934 -0.0376688854376414
1.79517416151013 -0.57121393553503 -0.233660590955502
0.797791807740665 -1.08675938460429 -0.153332647881139
1.85506903725191 0.114655750940542 0.0930709329217401
0.41702407460123 -0.852416643384148 0.207099149201146
1.21533006677359 0.836559198378749 -0.113155715407099
1.7787503997367 0.470321387060949 -0.0470726642965813
1.97388472500497 0.25694492075786 0.0504649684234057
1.40935990653058 0.794779677279375 -0.0734193118292352
1.69991190290751 -0.649027942358869 -0.0577936938724559
1.21460478838596 -0.689270694086974 0.00636432384452011
1.0194147160362 -1.08039059398567 0.0827803634988468
1.50456999090915 -0.788597226227967 0.0547065716494246
1.90963714590429 -0.385485686384849 0.178826366299066
1.86560874816859 -0.263406244268999 0.0213993207004214
1.59735049067829 -0.847567746145789 0.0792479384564186
0.0180177435971335 0.597963828307835 -0.0529262594177513
1.11338606241781 0.973919075084571 -0.115361248120513
0.674161740457021 -0.900182839541593 0.0178984120473966
0.658662305144369 0.875825411651193 0.0472023263920377
0.216329647304195 0.709099852271515 -0.204713801885602
1.9687431008107 -0.405938117360407 0.10815494764721
0.283241339693297 -0.00672695941276261 0.0384751226221517
0.868001157823601 1.00329756356997 0.0883863667432379
2.03833380925007 0.235141141653207 -0.00571560172330753
1.57928600575188 -0.81764547678534 0.119951192459604
0.0541583378472351 0.304369979876363 -0.0398546672351079
1.33996306137051 -0.81594344260703 -0.0390639445284132
-0.0786022655627887 0.0600063652274039 0.0290902733253766
0.882402157471531 -0.971370122578516 0.181109497350864
1.64897463641118 0.644049565121934 0.0894181451256255
1.70699882965699 0.749020351923887 -0.0104200064265777
0.0243116222714782 0.31775417798332 0.0581756858289988
0.737197978533865 0.952929350476884 0.131320209088493
1.81883707720257 -0.237845817930918 0.161029096862978
0.217759051930483 -0.767662401830199 0.176193262644076
0.876466448442117 -1.1914818632252 0.17723765194373
1.62276816640341 -0.887338367416162 0.0667458442277419
-0.141971782128095 0.151818446421498 -0.134744955640092
0.117690594474069 -0.0821400769688607 0.02888588999589
0.124986216113004 -0.466039266995836 -0.137963416171955
0.23922527003657 0.847051212082235 -0.0206414782585171
1.8759109227933 0.484858787967778 -0.0990869560541555
0.381170969816829 0.706612168652119 -0.0943433770132809
0.193715485528853 0.393947052080649 0.00445378015852218
1.64597113728554 -0.627702472524689 -0.0823124741993337
1.3978317295233 0.948916856622295 -0.0244401762134382
1.97246166848835 -0.365924977659292 -0.0550429748516003
0.0496391701597052 0.193769113573728 -0.043359613397734
1.80591852288022 0.753288175873619 0.126441200616383
-0.161064481766875 -0.163930732666802 0.0983345856440359
0.656514836487236 -1.02342744703529 0.0996338414685831
0.672675746337244 0.93557670130853 -0.0987128381408184
1.79837601174855 -0.631322720316261 -0.038746650784341
1.94941487045587 0.412506765408807 -0.0496155704926255
1.95443376602607 -0.650422304922079 -0.0365486911672102
-0.0355536334375756 -0.764992711202502 -0.00839151696435722
2.05788718101259 -0.243339813372325 0.0476783260117072
2.00421103046441 0.0679510516411956 -0.0248461856494645
0.472843562659553 -0.782804108942514 -0.0324123985079516
1.54807897937217 -0.69883224243571 -0.0715339136766869
1.59386829174654 0.948233215306256 -0.104141154463863
1.41956236338406 1.059133933838 -0.0553894696779069
1.62069278080998 0.754693405424435 -0.0710698883331896
0.199235875073939 0.49146978607337 0.118970029599022
0.205501777555844 0.894257827910023 0.104014280958049
0.0645262736098775 -0.0407821562673118 0.135303799760037
0.918501008658337 0.959727767691611 -0.0697799387766274
0.692819683219912 0.978429990603958 -0.0488230480160542
1.97042848253859 -0.165275882993648 -0.0528265361726196
1.85471619905604 -0.0696716429593213 -0.069677766174891
0.32731582092504 0.685214519958845 0.00298733767549122
0.11308467850622 -0.415117657977335 0.0983222308258976
0.563337127941643 -0.85995860329979 -0.0202814320011939
1.40941536864112 -1.03944242257067 -0.0327329441576153
0.366401385345423 -0.964383155610618 -0.0204310809142467
-0.0531711627121821 -0.278100493308486 0.117479613724669
1.53956822203774 -0.856627572700097 0.069521322533728
1.97107514370619 0.433183221825452 -0.0685144376199003
0.0995631613932235 0.605852334307392 0.0257880768029598
0.910108998763677 1.03217836535264 -0.120905851119937
0.377073080734326 0.636958288102413 0.00635733433395126
0.854306497828272 -0.942431575054502 0.00429888674357902
0.467576454762071 -0.872415779416735 0.134647116249922
1.85843666279219 0.691991270010934 -0.166268258943306
1.51952544008355 -0.895582902625004 -0.0350481485151402
1.90359939048032 0.455433814086021 -0.0924725147595956
1.74807656361563 0.467580475346769 -3.55892546222421e-05
1.92534035342985 0.446158779842096 0.0325587903922353
0.894111418471975 -1.02173488593052 0.103013913395404
-1.34533561109196 -0.0248766618519986 0.883321357836525
-0.207947480986368 -0.729040422109237 -0.292980712385343
-1.35927885044824 -0.89169726304841 -0.481805955010189
-0.291937177166342 -0.103516659282833 -0.876455598920537
-1.20495757457011 0.760811129926015 0.288859361357115
-1.15203818515069 0.457567350552625 -1.01282976818977
-0.407280685677744 0.633468792011597 0.114447774245671
-0.255984543721256 0.364124237607307 -0.882925036025419
-1.01486987166659 0.528134812723203 0.812558970096479
-0.480736397756326 -0.623324200804313 0.765759224214446
-0.963657385431824 -0.21663946116867 -1.04329543723108
-1.68449068192127 0.75298796191554 0.374716054371515
-1.00332229456281 -0.776461785220967 -0.553594205422523
-1.60206914252387 0.329412474083259 -0.831534492190732
-0.815310096579992 -0.322062241698314 1.04623917173369
-0.833097050118379 0.416444009674387 -0.863040471591493
-0.388049542217784 -0.663035238735281 0.35747257322785
-1.11297618057429 -0.00254835569307583 -1.01670655313277
-0.931428608456855 0.656609848560517 -0.758565931148574
-1.11020365359983 0.0334360334340229 0.93745993155588
-1.1827106122075 -0.139468245989359 0.910639239251662
-0.278819850197433 -0.409358295230485 0.570427401893141
-1.47905445151085 -0.383153539110098 0.540733657342564
-1.23990189826348 0.0955913547530843 0.948907944300964
-0.574799632001256 -0.588339946364937 0.737297803348044
-1.53593977960751 0.108801072340837 0.776381238963523
-1.40960010887015 -0.139949444013024 1.0316507482684
-1.42938414486907 0.564365095357397 -0.704919448760874
-0.974646489083813 0.47651061253687 0.894998873832686
-1.32322037759313 0.994422864190274 0.326013416477726
-0.539620839898003 -0.753070536827047 0.50393917683558
-0.937341883690376 -0.0823994258791487 1.17036407314687
-1.65276231477417 0.804833082281003 0.134248147832101
-1.00313855448803 -0.0704212009352444 0.911937512221024
-1.82797062829195 0.726679633944924 -0.0701825733989085
-1.63054801932685 -0.776632992915362 -0.0256791850495889
-1.74026266024907 0.223566253286757 -0.792852853490067
-0.996004154452468 1.03155611090574 0.002089980231606
-1.86530875305496 0.330762920964645 -0.432789929354334
-0.137405067995207 -0.159371868328539 -0.126014268269847
-0.453465502680998 0.369576907831554 0.635814416376108
-0.330602665266457 0.715659278843352 0.219771159846668
-0.911926980864665 -0.215125476826013 -1.11091203220254
-1.22254581111495 0.724807463490545 0.766447758878214
-0.0225494894530499 -0.029377760086977 -0.574179095419707
-0.39673033906747 -0.0282887004279034 -0.740045265164044
-1.68418710716419 0.566742633099508 0.364880441242666
-1.45399138946187 0.251661090755363 -0.855693359374088
-1.09468826129516 0.395253255095879 -0.90247189802018
-0.768279947635314 0.37455732791807 -0.771333601874922
-0.809817583720966 0.628272850430159 -0.787049539716785
-1.03305320892478 0.16374924342865 -0.950339824767831
-0.507187174321677 1.04751908266367 -0.0894083638491299
-1.24230179486777 -0.0110502937745127 -1.18607939082822
-1.098263578724 -0.0377918588662711 -0.780418654106389
-0.472661074568784 0.788789264616553 -0.33314780194084
-1.6607322715214 0.815512979298136 -0.126972918138787
-0.405380827375736 -0.33908086580491 -0.911762821279136
-0.780312957448768 0.0553013598046853 0.864710997501784
-0.17941493271363 -0.167903578614062 -0.304318467226301
-1.08932998039021 0.707919725140603 0.856546721474663
-0.752668901019001 -0.0364971264358916 -0.954504532921086
-1.41298964659581 -0.694853416509498 -0.211999921305192
-0.465413242050773 -0.117135710976921 -1.05722779886418
-0.158806183509724 0.40896681878478 0.482346855599076
-1.13584921676845 0.240813717934378 1.09901523600276
-0.916012195697437 0.972675929064873 0.322995340858096
-0.886561834031321 0.0655425443784224 -0.840911147335041
-1.4657401247051 -0.691875287179554 -0.286189946414501
-1.7730098777122 -0.578268668983264 0.358211251287838
-1.75277447956107 -0.135743400135115 0.701545495793519
-0.576397109789602 0.90986199695224 0.271190033936206
-1.47977769169664 -0.735650629801403 -0.140710552604135
-0.768207035189077 -0.769597308126083 0.874280651255174
-1.46352907581703 -0.0445829732195017 0.885454701980917
-1.52760523446779 0.0412423903010041 -0.878975586993647
-1.71287585967454 -0.326725841793066 0.149594733461283
-1.61548551674121 -0.330705442660108 -0.844922104473265
-1.61572626077162 0.604815023411147 0.228233640693436
-1.5801050089787 0.0498205561235375 -0.783360071917496
-0.826038623220333 -0.933978571755689 -0.30974538784681
-1.90477814607689 -0.248119473433469 0.0949001383745582
0.0395619663675011 -0.15321382995847 -0.197881437022293
-0.614544713318941 -0.294562932826975 0.831076011267466
-1.03537935747748 -0.110301372740924 0.565985377190553
-1.22655700863504 0.0331286954563061 0.86881265546631
-0.741560725865424 0.0998499546235791 0.902612711622826
-1.77555692618324 -0.578593529633388 0.30671877079865
-1.09915058620059 0.644028476723244 -0.779210913650518
-1.11037641010197 0.817330997767777 0.257888113249581
-0.711485094773048 -0.804281154961422 0.587625791217058
-1.82764608261413 -0.0463844066383825 -0.404509555961573
-0.0822930412787139 -0.53164722289628 -0.429012980057681
-1.36999695473091 0.233576518829133 0.953905639165903
-1.14005304392859 -0.643865154986089 0.758212214763743
-0.483257348023925 0.752441361475645 0.175205442469095
-1.65960730234955 -0.559465896563132 -0.566898772553802
-0.806296857621354 -0.366401984080393 0.923499214054873
-0.80241842939222 -0.0594412241798619 -1.02176781792887
-1.66674409589888 0.345581345078991 -0.375215449504605
-1.40510230689407 0.822346616020381 0.354266292987484
-0.959362628616018 0.529332059354805 -0.82841201171462
-1.26301305945192 -0.65510632346795 -0.661736469328891
-1.60645524912231 0.458772545978892 0.907652664545392
-0.908075067491727 0.552443696961634 -0.731882781656901
-0.0988771266798079 -0.144639610533633 0.417691810432864
-1.87138466345733 0.472047465361672 -0.31739391822221
-1.03238577616539 -0.439607982109105 0.896004167107704
-0.613379321012887 0.0188070729101523 0.827184854713153
-0.858749453683399 0.183977467097801 0.870648994978634
-1.60894250443894 0.241199243836954 0.714238645433039
-0.0819240625356622 -0.109204443918139 0.33842292151598
-1.68854397817493 -0.0746711774629198 -0.64804638001158
-1.61757704632421 0.0622068801098705 0.697301707488824
-1.02161981148562 0.437873113478611 1.02244417438743
-0.0276877393325332 0.0208029854616011 0.138029896244757
-1.53716638948009 -0.0563215600295807 -0.898051833277761
-1.17706394112658 0.84297678493711 -0.105137321090721
-0.292510599567133 0.0519532958859711 0.861485930770552
-1.36684402963636 -1.0954130984669 0.0247647443606077
-1.20665922234707 -0.22029696709747 0.897958141604473
-1.39024556054931 -0.944680217199846 0.31935924127565
-1.38740437147566 -1.03177478656219 -0.35628609260834
-0.375039031533839 -0.154136955219862 -0.84861300021406
-1.42244899983933 0.941009059360626 0.0658192816778327
-0.163180352388275 -0.773204892006769 0.00424655286809157
-0.983169249135188 0.505402250330945 0.787867194209991
-0.995766016083573 -0.203983288153543 0.987264822497784
-1.34891725436282 -0.820613316298591 -0.292434194120928
-1.47530912116343 0.97198674044703 -0.0980820865801742
-1.00172993233834 -0.389956231194385 -0.808373779801345
-1.04017677549208 0.0740656495732599 -1.11131108695883
-1.19359175090472 0.0233745220276466 -1.00216551646723
-1.64383445178482 0.765882519386564 0.158785824289241
-0.97970802949995 0.202765071653763 -0.796229829573622
-1.51916932416593 -0.141540789177534 0.822822129618998
-1.55347736378726 -0.699464373430943 0.2657935819758
-0.877537530375391 -0.347884346416018 -0.964534587487088
-1.07877553233196 0.803463113858131 0.639519032219997
-0.758448062880182 0.00712520567264133 0.901085735487067
0.120431262836671 -0.0812795668092595 0.147430230773623
-0.600819189620833 -0.810060216130513 -0.260043454505162
-2.01787009736844 0.355904512729095 -0.0515406842573466
-1.25161095467023 -0.492770606307251 -0.878076182295693
-0.690394400812471 0.3024760448591 0.972264399787145
-1.24156539375687 0.847893192420246 0.849859082260751
-0.767681415309754 -0.414077865019767 0.960284232130065
-0.443284060931224 0.49587755458585 -0.772167803314786
-0.0507625946341231 -0.0499744024751711 -0.454232885538946
-1.7344725166771 -0.792322558372294 -0.453206704703143
-0.223047060602701 -0.0294093943185085 -0.823420946546206
-1.47781124300173 -0.758225260434404 -0.561082926718875
-1.39997755487042 0.668799928327117 0.458904216499158
-0.75637021540233 -0.315342261378053 -1.03158986079657
-0.366023778621946 -0.759323364564605 -0.667651664008329
-1.11094032602759 0.936034040690862 -0.294662045062934
-0.633711597546008 -0.270759281149804 0.769235649882868
-1.47068648513512 0.408458393880967 -0.988082638343187
-1.8703385326776 0.218963012544941 0.0396168160825961
-0.330999418957452 -0.198370528020645 -0.859575358579775
-0.958736426238494 0.397964765782139 -0.812078725610405
-0.639632858912619 -0.203556662869613 -0.967804972816671
-1.08759549551567 -0.487105714090408 -0.972244063414146
-0.35143072682064 -0.259808940365248 0.56720667812701
-0.156107085749605 -0.363878940062763 -0.0314721265580892
-1.9633398238258 0.0512804612633417 0.146653756716114
-0.449841044852778 0.784048807808316 -0.318049787956991
-1.33871454623704 -0.0508011384125603 0.882617915423823
-1.18293638372467 -0.346433733411708 -1.02840779672068
-0.936494146480032 0.0207841055337121 0.871742936709085
-0.448628911816427 -0.569305719580198 -0.69383000348696
-1.2979911050955 0.310936118992342 -1.0101427937024
-0.871365534931286 0.911770909310457 -0.160421330521653
-1.89351003819076 -0.154161753481991 -0.624370145089884
-1.9390736204328 -0.0645821113989137 -0.0251353630617356
-1.23969545258271 0.515506612741531 0.76330932964202
-0.836885737368214 -0.696267765112208 0.714832585448868
-1.2089196749811 -0.0297982356530759 0.891829287762014
-1.29039350319218 0.943858666235703 -0.307040043948388
0.0105354818388126 -0.255939198458543 -0.406563072573046
-1.92027730745182 -0.261994507028473 -0.106488405939465
-0.165057510168179 0.453646187464179 0.762452327687157
-0.188569846335401 0.508102914080032 0.371972194931061
-1.94843278305875 0.192943721239967 0.490660854299626
-0.075907956801087 -0.119217453430501 -0.107219650619882
-1.69118443061619 0.621735147474891 -0.249890087745731
-0.705063527337375 -0.683094713776645 -0.829841693779596
-1.74446741720635 0.577189114470694 0.290928881083513
-0.826185232576093 0.0757803403344212 1.06264445779048
-0.133286587234787 -0.317702204132224 0.134466786013041
-1.11293086625898 0.859788579644748 0.099594871303154
-1.67760735678854 -0.678266016125515 0.444722727279891
-1.15034025043828 0.819086470604522 0.553161618343734
-1.72940775262245 0.133235954463207 0.723846315214462
-0.816133698366131 -0.0261735234455931 -0.740444968238809
-1.46188541025775 0.691914944051312 0.588070234683306
-1.12409635486611 0.507355785857868 0.78665999171811
-1.08632028641107 0.753916549114146 0.64890011621456
-1.02910674166546 -0.0791406642347505 1.00264428058754
-1.48826174851785 -0.070673051485084 -0.966019044924231
