2.85027626371517 0.21059346345362 2.97845146795656
-1.30238915792106 -0.483955865750831 2.48208565886458
2.61105324285669 1.16830558367902 -2.98223145927622
0.50048339105773 2.32662703341951 -3.5875178896747
-0.244432742360157 2.8124330581285 -1.87107100997203
1.1349392957657 0.374555243404938 2.49836173179947
0.510501433876286 -1.81007646878281 -3.9684833959442
1.2114555050982 -1.31154285837558 4.06322656211297
-0.216497268879437 1.05103280161194 2.50870157513656
-0.918963488689223 -1.0120905342229 0.220287361682067
1.53181181831008 1.98965213732534 -2.64206215496244
-0.0788429546772039 -1.1285239191225 1.64368630998139
-0.00331054205259933 1.23114984638077 -2.77751507832665
2.09955615617281 1.99982283580232 -2.06775297726593
0.677256727723782 -0.771087282969797 0.956903695686865
0.507516946965035 1.09129103162198 2.78788750810329
0.314035440861028 -2.84217262664053 -2.65797297417174
0.188423268177507 -2.66564294546522 -2.41663192409225
-1.12512989011798 -1.55543483304074 -3.97426302726462
2.34670714827176 -1.86454091394132 0.894573903685053
-1.16180273351185 -2.65042523540007 2.73816815588512
-2.55152030860901 -2.01293053130172 -3.15214164169377
-0.216511100911076 -1.25821073332123 2.41712990044291
-1.72450751651774 -1.83188132769478 3.69183055338161
1.63146309093313 -2.58170634737033 -0.00548510583724748
-0.232394743237014 -2.60137837412496 3.03287418203658
-2.5664252216699 1.45259311308886 1.70003104229815
2.80176491441192 0.140642136101848 -2.06742370491583
-0.613358320187238 -2.86451623264223 -1.8284498321967
-1.03938166836092 -0.379814622417785 -3.27387346975263
-1.34732859251632 0.47004461500814 3.64519506471005
-1.24885732201876 0.778530216654168 3.64449935706426
-1.27478347613129 -0.627153514489248 1.535382821372
-1.91710836614289 1.25683341148852 3.82594477523375
-0.691467770297268 -1.17552778954782 -2.79729485714276
-1.23910435513477 0.477714560720956 -3.15132387030175
2.76997163781004 -0.77570687636355 2.88092074269988
2.33439281081227 -1.03967209748735 -2.70334305180206
-2.49470183913963 1.11356281639579 2.86780422784235
-2.63122795213773 1.14306634562501 0.587677027679494
2.7336778659959 -0.676049385156164 -2.67913759984405
-1.96996176810789 1.22633896062555 -3.87147111422926
2.72076838813691 -0.270796172217389 3.24262659804642
0.766983853097919 1.30429778504665 -0.738617845160443
2.33090052031718 -0.420677676914526 4.23725004912119
0.704493254447726 -2.50587249653366 -4.03037374465964
0.602188183451417 2.08170196114634 3.77727052307636
-0.839825570425534 3.05693725822816 0.381659463885538
-1.24475665080179 -1.94982291855466 3.80245028797268
1.29392119268097 2.55125801598828 2.01529538644376
-0.3258471768128 -1.19194638886224 -1.61117457714095
2.78287216384808 1.68935698976509 -0.492432285646282
-2.38975627857939 -1.37569111506032 -2.24664162009257
-0.474328207314638 0.89012652211411 -1.06136166518417
2.43519285544469 -1.55281268320666 -1.70031108539243
0.416538388490531 1.01711939784846 1.57969908279174
-0.541709606310882 0.787390288870136 -1.01825052694347
1.21880166477004 -2.38538493549972 -3.13295129827648
0.645394898331851 1.15839344356724 1.94548637275644
0.845311248088751 -2.10368257992219 -4.26886911348431
1.29744978729177 0.899794586836808 -2.12332062571708
-0.584801677020501 2.73623002625689 2.64911391736546
-1.61375154931385 -2.8991212160074 1.65720454221611
-1.6180512322092 -1.63631785806506 3.6544697823769
-2.10247260645678 1.95862613948541 1.94653211944746
-1.70811634225622 -2.58766336334821 2.33626417424354
0.780793980851076 2.58694455218538 -0.211347938489739
-0.8277094515446 0.491543214818667 0.504397870329828
1.63518279431964 1.27832485059842 -3.65558453601446
-2.60661245465348 1.42765465024449 -1.07325598734434
-2.04251400261895 0.0622236762481217 -3.63555288289576
-1.9315394582352 1.55769955993063 3.55695554718915
-2.77326996960365 -1.29905854465583 -2.84961122354324
-1.61002072232522 2.1797632965382 -2.71053594312813
-1.92633935907322 -0.885685116087634 3.92670939239886
-0.076410415427883 1.05666771792906 2.05297506935386
-1.45974113036683 -1.90378343537305 -3.73719284070859
-2.00698630002977 -0.799012527093995 -3.56831923949014
-0.1009983412659 2.88549491670582 -2.32806475374639
-1.23168862428216 -1.71600299941722 -3.95734583751997
-1.80221426464941 1.34881002424779 -4.02358779102971
-0.649826282807953 2.69500854774718 -2.53317441115617
-2.03651208016164 0.270067431826347 -4.08928244452229
1.20378183371819 -1.05828952873462 -3.98870114410495
-0.655780937208607 -1.08918736352455 -3.39621267852657
1.1978357067873 -0.593957540406798 -2.79176604565075
0.365694875820954 2.97619871558468 0.461804264959553
0.215700366599097 -1.15877703763813 3.76260646153225
2.17585321857598 0.2850966288286 -3.88359366883177
1.795579775171 -1.91694109272749 3.25118556915505
-1.79003967843084 -1.90197155873202 2.41215724655613
-0.522167645337905 2.28730920352669 -3.43784442986445
1.53247529980102 -0.100913774274181 -2.33866309829262
-0.198791405756571 2.12202818789287 -3.93500018846525
1.86842712302386 -1.41153772349632 -3.89891546176212
0.663467105480412 2.1654690109326 3.36703960265683
0.100545728043465 -1.51548684875134 -2.89782012178147
-1.08480537844031 0.687043719602186 -2.7932446738886
-0.406325940915474 2.02340674946062 -4.01084343239168
-2.46763214095566 1.48753899534173 -0.521999080357739
-0.220589214049714 1.2090383903247 -2.40485925253796
0.14843052152077 1.04469959545344 -0.374598347660147
2.4784372865716 1.25843897319048 -2.48251894451445
-0.954957857842666 0.538277531147709 -1.65587704963468
2.49693970369185 2.00060639678172 3.6895557266697
-0.0277720442523768 0.394048981359077 -1.61051568652244
0.808407208132089 1.61079702450193 3.72495277606578
-0.974601467827237 0.674090988789125 2.009536801859
-0.648070649095595 -0.835914413951595 -0.55582898282204
2.82176502518704 0.399505030301977 -2.26228331931944
1.26190628322354 -2.5342693545178 2.22926906904232
-1.37850196266005 0.495348445720611 -3.2980771862806
2.56775245447494 -0.958065917220394 2.72711575655963
0.63702166623458 -1.02486945674527 2.95430551930362
-1.71960429332034 -0.994111267842733 -3.59819344915111
2.80990763601973 -0.666935170515698 3.32361555490348
-0.734222349655421 -0.848525280322278 -0.12705095171033
1.03643589087889 -2.1318013223261 3.72426443057166
-1.03284203186842 2.60953250829 2.47758793533128
0.28819410040203 -2.39004328139792 3.59174871657358
0.611134203328866 2.94975359972336 0.397074939673817
-1.80353548415227 -2.27476218763099 -3.26454482927832
1.81300774816888 1.58679672328777 3.03765124882947
0.710715772201213 -0.842000415177828 -2.42266849557576
2.55638457289107 1.35653334433953 -1.04388023372416
-1.2236708828539 -1.38057105526588 3.84935611254526
0.661840905349942 -0.854421785708675 1.42499887395521
0.954119668810975 -0.44318867394902 -2.02033002162476
-2.81637949133733 0.0708060990540534 -0.989614552901045
-2.14374170481045 -2.21350386182757 -0.652696406647961
-1.08273114099909 -0.121432894750157 -0.728779622623071
1.47815568592573 1.17270886200491 3.72796080365512
1.84460945952893 -0.187942184761524 4.00236048172646
1.69891569107043 -1.27942545612761 -4.08417462729641
1.48606527998003 -0.869281302935507 -4.36627839630745
0.523887029381061 2.38380856514707 2.11937627362331
0.820126085620699 -0.505570937681625 -0.519300014233918
-1.02493373999375 0.261572963764914 2.16874373669456
0.973866671427718 -0.333445173417143 0.232614628221956
1.87831014912509 -1.7740163839757 3.05912402047204
0.182333410879377 -2.17235274185321 3.65978284658847
-0.448206851443585 1.91184767572336 -4.10896455545034
-0.875123658244622 -1.72278433873646 4.07947388684519
1.62345616788611 2.12322229852239 -2.20022002832858
-2.39570552009103 1.63241061917055 -1.99352531520153
0.121737992473401 -1.01716202196331 1.26810746708329
-1.18006465905915 1.36140944840867 -3.77278639453733
1.6843027397176 -0.322103097799142 3.82170153579415
-2.16329622551252 1.14938201371659 -2.81617691424956
-1.84304279094034 0.672862235245174 4.17990726797778
0.992533538454587 -0.612446411444288 -2.82271642846139
2.31981479732825 0.885904594593457 -3.64647136247639
0.709864637112973 -0.885584306023036 2.14246871412291
2.15489318398738 2.34400815279586 2.72039575662602
-1.01789362034086 -1.29409974035708 3.72282686478148
-0.701233526930335 -0.638845185855541 2.42811137491389
-1.27961293267402 2.11085763447378 3.43612271432902
1.87820438142234 -2.07035852665766 -0.984135391185481
0.73510420993787 0.534587180711661 -0.516055759872629
-1.5982475807454 -2.04104140372983 2.06564567239474
-1.90282191741691 -1.8570731051283 -4.10739381308378
-2.40055107527138 -0.154098019832205 -2.6530743629615
-1.75010508243024 -0.32221179851306 -3.73006512617936
0.90199450734312 -0.518891256392455 -0.386580257441329
-0.412995775904483 1.70488012205408 3.8937337752849
-0.166359690232358 1.42827246542589 3.5099805666543
-0.110491107153058 1.63942725042434 -4.22019624980056
0.673720202534273 2.2042959457813 3.52435488834832
-0.727491201248176 -1.52306987039511 -2.29750483890076
1.05165130305909 2.58660409882112 -2.26379128531107
-0.364950870417834 -2.68073905155215 -2.16171368768921
-0.475646336894271 -2.2245453926027 -3.7728846014584
-0.722057230007283 -0.734296855705227 -0.856702449290089
-0.887733029336887 1.08425195807999 3.15836635706257
1.28124138379243 -0.405476274426732 2.93223509802523
1.36360291534863 0.759912146899377 -3.86029599718982
0.341905659709175 2.12550812307152 -3.94343527840482
1.23910351138528 0.556992249671362 3.10826072519845
-1.01041777496022 -0.935329323872809 2.4482615347108
1.96043856884114 -1.67391685052368 -3.35483062872713
-0.945157647107217 -0.432428530581342 -2.11534916252478
2.26865438296943 -1.56149467386828 -1.12551582474718
0.473001091730544 2.80460767245922 2.58310374261121
-0.307660064691533 0.933926174002483 1.48264803298053
-1.59414393529829 -1.64534311165814 -4.24658720923423
-0.904364275936224 0.504368463635667 -0.993627543024245
2.63402870408191 0.745980426275974 3.43044375637152
-1.91613380761432 0.497715369002215 -4.03649980393981
0.298287218251817 2.70512293015229 -0.824407625626283
0.796694777018888 0.0527167234727317 0.102208367004354
0.108772237266603 1.38548282798329 2.89044269176618
-0.401614702415102 -2.40201943304356 -2.47534996139416
0.979422171552255 3.04796312861783 -1.32952656270994
-1.05443774813899 1.61210332324271 3.61714056683468
-1.41300856805419 -0.0365716127909452 -2.16370030599541
1.98537725614289 1.93271097359626 -3.37790511346745
0.278358267544177 -1.21337485406794 2.03540368084064
1.82400240398377 1.68443147251553 -3.53260828540215
1.59073827543086 0.418691729123415 -3.24605983514899
-2.19798125966563 1.24503685978582 3.38753854142927
-0.28858385674904 2.17690116617321 -3.84041447540378
-0.462294962374509 2.37918015289172 -3.63916698879149
0.777859232855449 0.689871599514448 2.97608396462243
0.486482599664984 -1.02311866372366 1.46489282205549
-2.26943555799599 0.223964601148498 -3.91986172056137
-0.643423914705124 0.727672171176148 -0.718756044007688
-1.01278637574345 -1.34672243969151 4.06205563801056
1.01650591145202 -1.41737811073465 -3.86838984025549
2.84802201382493 -0.985406006536253 1.83732558787261
1.25636552090585 -2.51126402824016 -1.43282480194692
2.48331073367899 1.40442069025713 2.35124888205193
0.411156270149275 2.49427003716368 3.63243705614448
1.40792619555455 1.9153483072924 4.03916282246555
-1.08961860543989 2.53497474325166 2.43807675691178
-1.49994494548185 -1.62683217377832 -2.29003353879367
-2.71603806716041 -0.196305244081871 -1.03912355506315
1.29257695090006 -1.73818489048425 -3.93498368079963
-0.865119213250212 2.34240235513526 -3.32217676026134
1.90541991350665 -1.35625588700508 3.85267653479326
0.753155546924476 0.753953232073893 0.454409783633011
-0.925914902083769 -0.416175767755136 -1.92839639433861
0.536907939576009 -1.12056549728163 2.13423359791815
2.21168724923662 0.204893220791467 3.11436450766604
0.779318093670756 -0.652485972085818 -1.09348811861794
0.942030776510249 0.537826966262138 -1.87801530364629
-0.264296353024227 -2.19071396270253 -3.93890349523332
-2.12983751713986 -1.62059812617865 3.15511503493971
-0.828447641886071 1.4095565539493 -3.38668158197995
2.05761547937382 0.223275795286797 3.76620215051148
1.95716486534792 -2.21540171284735 0.422607065202084
0.838268769046685 0.522459639984892 -1.54105579947897
1.24191841571981 -1.97239673908757 -3.0899604001092
0.603262598808959 2.02482945945843 3.80081585136482
-2.55751017325214 1.12685363252253 -2.78523951747634
-2.21450077835199 0.661313434675799 3.75961891198909
0.934722126937699 -0.577474803828126 1.64081791624283
-2.58573605147829 0.998311160140929 2.68993377068947
2.69503378682702 1.01287258085513 1.58798730243086
0.558218690613237 -1.37627314712204 -3.44703387403738
0.248428902439004 -0.95846014562686 -1.21344692384562
1.4011974934395 -0.97060179607415 -3.66021870885598
-1.48596312506804 -0.172773894768161 1.30086972706824
-0.316018978547379 1.15008391631397 -2.17258878760476
1.63890330970464 -1.26201683069892 -4.27368590341808
-1.37251118861414 2.20042438239147 2.24255510241842
1.9719246735342 1.18832606356095 -3.75441649088739
-1.38109698407819 1.5966367919623 -3.97283388784061
-2.83332512761373 -0.0660445111741609 -2.84722713973579
-1.65573164440223 0.58916923498871 4.025611059089
-1.64928306716269 -2.29305695372923 1.93696247863041
0.570855939059996 -1.02670263736491 -2.32135328815492
2.92478061749833 -0.529633434609156 1.73182117530948
0.816570732126983 -2.1281003063561 3.54355595025339
-0.140687571847054 -1.29419065554639 2.24663915926355
-0.568491086743251 -2.38696487486831 -4.36591443656093
-2.76266392554379 -1.3385411898472 -0.57143276925799
0.577880695412543 2.78723446790454 -0.611238731078593
0.205620058912456 1.49580762254273 -3.96764244819263
-1.41991586697607 -2.11664801282116 1.66138612537275
1.53816542774761 0.133287814532369 -2.58355155602778
-2.37385943964773 0.115485840461545 -3.86085629968569
-0.830580268608174 1.89014797316005 4.07960751832925
-0.383236831181316 -0.864725020376391 3.03633178735229
-2.99232764583232 -0.668722757218176 1.56385923731675
-0.570315863348941 0.946499010385655 1.65669411054385
-2.74146015224996 0.367651505672784 -2.29655875322126
-0.278303928154865 -1.29943100261087 1.23462852082457
1.40318589231228 1.27954153749761 3.84001807456883
-0.389153534429826 2.42891860570031 -3.19680407407979
-0.562431011907376 0.763903376559673 -0.148809433018626
1.2247423384474 -2.68666903560233 -0.93583327459949
-0.68723542426871 1.06376778039313 2.74304217588696
0.953809498890019 -0.848755504415638 2.7865964888381
2.3224131178828 2.35248194652191 -0.689358860796578
-0.566148800480727 2.94178901659009 -1.15003512875231
-2.06657987431614 1.71401704271449 -2.57774508209962
0.994696341163866 -0.31067174645894 -1.81131140882406
-2.21560105289057 -1.34786285847387 3.63207398215904
0.548203245331734 -1.2428897049284 -3.27966029731025
1.59456418256881 2.14964249413994 -2.7181622357057
0.688406256285053 -0.933156316480859 1.96136729984962
-0.59653350928869 -1.41612665401328 1.87472921511657
0.938395372569759 -0.60739538462002 1.99423224911846
-2.0052646557991 2.14585161723971 0.975141158767375
-0.114186503884418 2.13205978682039 -3.95662587897448
-0.336735941110885 -3.02061915893802 2.74357481974246
-1.74742172637498 -2.27687610187438 3.27811922247389
0.681939461363893 -2.24094310538402 3.75815534664079
-0.715473188508915 -1.57530387727976 -2.79049365867407
-1.68796495061788 2.42917531866899 0.933126496962745
-1.34721494103287 -0.793147988357246 -3.01937220012831
3.31803856339556 0.926027244402132 0.0606334351054125
-0.794732119845721 0.843836711825291 2.19866716629032
-2.43137538716262 0.341867612205833 -2.94870603565432
-2.1626342235456 1.48900940617745 3.07642751186264
-1.27411199485662 0.414621440764947 -3.05102228027462
-1.51532325895451 0.87886665650759 -3.93613696194702
-1.73518637036405 2.44838312341777 0.255864885434787
1.04141590726988 0.0219444017497227 -0.852467584062528
1.92204812716245 1.41155230343526 -3.66911400854488
-3.03056120858342 0.916137127584924 -0.000231815089040688
-0.352982410154423 2.48509398539001 -2.81692029760987
3.02671097488014 1.14303954642861 -1.11780608630011
2.62369942520347 -0.108775629864827 3.32502006700474
-1.44079980074968 -0.754431741818842 4.25013633870315
-1.38235433602739 -1.48259054525991 3.6045790141646
-2.02590537284377 -1.18095981488389 -3.25595053071046
-1.0013516755741 0.600938525685055 1.80747318003468
-0.612176120068423 1.82090840857884 4.04779064026319
0.562760962517257 -0.55722703350706 -2.21048233586134
-1.57460812063397 -0.819001140183186 -3.90116192995159
2.89475018670472 0.262177736869973 -2.61237954059444
1.97340598205125 -1.44757559618791 3.77235769150794
-1.07872698800195 -1.85065772360335 -4.01892895755224
-1.94428328669559 0.0441300180627916 -3.94304508191608
1.4992346258844 0.0633623813614218 3.33740807101518
0.345870006299867 -1.84659729134139 -4.07034792222681
-0.801941454833601 -0.663201770023069 1.75132800805889
0.596825968501806 -0.788782734514103 0.125078837734725
0.122409516826599 -1.85255464861418 -3.96816105841049
-1.35249789322508 0.806073252350119 -3.60783927396179
0.981911243845037 0.0746704394570326 1.40162787379402
-1.81114204015715 -1.58299005579284 3.61326966547844
-1.62738882610331 -1.34287233645274 -3.85216176395633
1.66816210104908 -0.0973594014600918 -3.1652974050617
1.24692091226033 -1.14716488444547 -3.4483639643323
-1.28921960032421 2.54614040853049 -2.09638054155653
-1.06605076421972 -1.8316336986579 3.90255811041327
1.31521683121065 0.0431237395348691 -2.62818310800086
1.69568282903951 0.561242135951494 3.82619334894851
0.612342332765977 -0.961563188499085 -2.06427894334081
2.01634917720805 1.40424483046949 -3.37034676134908
-0.979828256338527 0.556564553295443 -1.98041978694173
-1.78739730446801 -0.499190515851286 3.4997134753447
-2.56819446799288 -1.66533966102632 -0.0459546042075629
3.43428186548694 0.726189576492512 -0.111158763679364
-1.84947756904543 -0.828005817008678 3.74489749189675
0.442111564058421 -1.94002558025217 4.13418945235806
0.785368244743002 1.14997686739914 2.57621860951251
-0.569905438394453 2.27748316994997 -3.73469434512748
-0.546514219061802 -2.95034282775804 1.03726866272531
2.0160154673524 -0.706902154321716 3.97384501586765
1.36071448005956 -2.49052079259415 -2.10811409749456
2.30994253743529 -1.38426932806798 2.96803612942823
-0.0535236108977842 -1.77803160741192 3.99302450151956
0.158406644493853 -1.27190560631839 -2.38100793531812
0.694943825709204 -1.23417538968889 3.24034865757067
-0.829394720466876 1.21820034947832 -3.72486635456548
0.341928555301786 1.94777822205171 -3.94714177539958
-2.76019822873332 -1.33277241044213 0.00881950879242608
0.0649087085296056 1.36542166147147 -2.03973622246381
-0.778634213870545 0.567535361636729 -0.694615153422106
-0.794341188788944 0.64036498339073 -1.13233464871484
2.82006446801524 -0.101476806813227 -2.79735289257161
0.174155607440006 -1.70419539045278 -3.83263226761848
-0.974583322641846 1.4417692400409 3.95065943795874
0.7473647549596 -0.656939289502411 0.700974936777077
1.38244721036425 0.476570559100716 3.55451560378346
-2.31764880551821 -1.76082120256981 -1.80920142005625
-1.021518243822 0.106443258315794 -1.8075612865159
-1.14754806248146 -2.82494669465069 2.42820156264921
2.22252572703531 -0.536429829471145 3.54542084367337
-0.137619620534496 1.31396829042768 2.87773373853012
-0.374815495361051 1.61647443467385 3.74707994439946
0.620857554116935 1.3268573150835 1.59023536128664
0.947510244810223 2.60931099536429 4.27985819964198
1.71442293736542 -1.87231217637436 3.45829309861498
0.0248534876905443 1.16126230303626 -0.441525099283019
-0.0648527827395336 -1.42472140210085 -3.27807966586951
-0.714982199139631 -1.99974565342942 -2.32313298398438
1.01087352141227 0.304381180100135 -1.76931585598839
0.540625708705607 -1.33995117209959 -3.40768246763436
-1.90759960693755 -1.3639757464174 3.80499417457758
3.05737050568901 -0.00222917681245072 -0.854027019721505
0.512169078238267 0.962198431786134 1.92657635858821
-2.38899303948509 -0.643716156185117 3.66107686491483
-0.652862837829186 0.738679994796181 -0.40002981965527
-2.88777283167948 -0.119668104330221 1.60523119208108
-0.533023954541912 -1.12299302733603 0.713764305871075
2.2322909873142 -0.379684439973363 2.50116997099731
-1.01781721939751 1.06011852364851 3.43480406394069
-1.41093220096497 -0.346434992811786 -3.6353192606618
-1.13677521058746 -0.683829596934444 0.0483251604522613
-0.0991310788830688 -2.62457277112878 -2.71659447973127
-0.283693922856499 -1.01960278864736 3.6846101831367
0.90181354757695 0.835239344075813 -2.79098854614498
-1.23550672222597 1.29848627615309 -4.12194117296034
0.776539894786013 -1.11097740104823 -3.11952332445588
1.21637529550373 -0.866017648469425 -3.37700433187322
-0.883425111300456 -0.452835014632783 0.664148454106162
1.73370951786365 -0.224621797434798 3.85729785530834
1.05368064321531 -0.277860340646626 -1.41057706069518
-1.4026384925888 0.264999154442527 -3.4218472761393
2.57444203741837 -1.0087248269665 -2.82840790044883
-0.637235773888961 1.61179281330023 -4.27501704008421
1.22551985929452 0.642611338347643 2.25595222332924
-3.02885143046056 0.0418783730338587 2.04911326075771
2.13985679738956 1.51519738867592 0.441867187279304
-0.761337886202061 2.09447016635734 -3.85022329948447
0.112654656360459 -0.76833604335339 -1.03959531257008
0.485786980256506 3.08360077795368 0.841944553319315
1.08999364437993 -1.28008237414155 4.06765564654556
-2.3449221372773 -1.30251612650811 -0.694853674321389
-1.34446951178266 0.00622820973690802 -1.53178017029417
2.68791967062479 -1.38594987947588 -0.482044642099932
0.0740832314522508 -1.88948139650479 -3.88072611650144
0.962133854473373 0.375316519267834 0.498056219834419
-0.516400786391984 -1.17250906305969 -2.32019390087097
-1.1521726549463 -2.7289337073139 0.240351403994783
1.1958841232784 -2.28961127654758 3.25283895089761
-0.998545834918379 -0.287075975907989 -0.925365634298051
-0.0166557885010713 -1.00651113400612 -2.53137039822543
-2.8199109434148 1.18355449081301 -0.497150753743501
-1.3266644474964 -1.00598295366031 -3.79612406748689
1.32571572198929 0.719578565821625 -1.46222393693186
-0.886724750018539 -0.908811952227545 -2.40577791257969
-0.0817441393050753 -1.6782424709769 -3.80886675004665
0.644557702308894 -1.26654162240212 -3.25038705400213
-1.36316939014186 0.4577751029776 4.20294044153256
0.639058143146128 -0.888159325040627 -1.67474257006437
-1.94746474316788 1.37190320557124 3.78698160456581
-1.76649819265548 2.20721222531339 -2.13799467222383
-0.798191331731003 1.86719922560629 3.77474765317678
3.08013853324811 -0.468985376639092 -1.26050881697645
0.207389283178651 -3.07456028313873 1.87842911683773
1.4190194263616 0.127950006950427 -3.47458529817545
-0.225308714813824 -2.15805273135131 3.85927325718155
-0.763724203996018 0.0455898805208682 1.15006658579656
1.19520123715485 -0.124809167503576 2.00056050338158
2.59248024774916 -1.27395064202289 -2.17397976578704
0.852913329993099 0.609164113754061 -0.346816322300027
-2.2790031406424 1.26298207981573 3.18627301312058
-1.92234595758673 -0.219198958402579 3.86980099955417
0.780656990263057 -0.815758363287076 2.27980070117814
-0.883417306047599 -3.23075076301294 -0.858077549956093
-1.22626414125715 0.0910666863535577 -2.44800522413534
2.16952241903846 -0.0963921880726177 3.85093455869034
-0.140768163341901 1.81363959092567 3.94519629016444
0.615085442069598 -0.70840069365522 1.14937712211087
0.959735236840977 -1.16679431598805 -3.46212741486525
-0.486979882183624 2.2876111088036 3.78624226568682
0.647539639967176 -1.03059060011711 2.47666010849891
-0.621763405594297 -3.11203749623182 -2.64059181303658
1.51210935763029 -1.7200125323754 3.93967516362133
-0.559381336133586 -1.65589815152652 2.93773331224972
-0.82266942743258 -1.59388025423923 4.16422426076558
-0.895805067484174 1.63088089767519 3.98458135459461
1.99388487614395 -1.09643527260671 -3.76570909675973
1.1760642237938 -0.386099496435462 2.21071668904739
0.547996659005503 0.992771439357098 -2.34380013512732
-0.866414791356093 -0.0669345837339545 0.38823392316419
1.12371926400261 -1.00958130712422 -3.80435762575452
2.04858505169801 2.37191589784709 -2.80354729871073
1.29252582552246 2.70106387051316 -2.95920220855025
1.40654929150193 2.03793272984056 -3.57195070338637
2.63140990752451 -0.0760876420779212 0.920709344286867
0.53672371404737 -2.65578353676856 2.86884765114455
0.114978283149662 -2.24314797650022 3.87283921686819
-0.774701579645481 2.84092104545483 2.23007375274442
0.586007677732928 1.28460144580278 3.34876410953511
-1.43043004988674 2.51720233569667 -1.1541346232261
0.949783885935373 0.00736186918593675 0.267740945285816
1.41828231447497 -0.334746099509908 3.31432513276589
1.74732562055517 -0.806055452812274 -4.21628564709702
-0.3776969965229 1.16904351309047 -1.76220118124972
0.535551789626815 0.705646091629963 -0.945285387096596
-0.96669675805515 0.142163349669408 -0.75346760499079
0.974886303319826 1.00756178646815 -4.48483646797129
-0.948106836439103 1.21068385701469 4.0168586775669
0.807052854633556 -0.624949510056646 -2.30040755326629
0.419228099690006 2.50831520154757 -3.07443636604009
-2.76032295552594 0.0282387203162667 2.94501453832699
-0.204405593203933 -1.98356760977697 4.01206573524299
2.16612227807471 1.44796077058754 -3.38080680236934
-2.81119085358804 -1.03193478808098 -1.8806710363128
-1.06182060453921 -0.777025628981241 -1.8460544125403
2.52433290569526 -1.60903566673884 0.806910344834465
-1.85406549441535 -0.824228864457507 -4.05719132195817
0.717181827318403 0.0491275510624294 -0.985170029067084
-2.07624616394374 -0.266993399190047 -4.13684685783784
-0.856036397020303 0.394503489985816 -0.283514905458421
-2.15520286316677 -0.876835296054928 3.80716325956781
0.625551707362738 2.05045600059823 4.04855490015959
2.16121861542251 0.665404138839075 4.16524263208245
0.62205545622328 -0.823388107827322 -1.08611084839703
-1.76827722275634 -1.09433036743758 -3.88140075681532
1.3780790615908 -2.64865425872961 -0.350044152139327
0.846994325643772 -0.122520257388692 0.177547340648852
2.38136101420416 1.94235338482467 2.05384641252552
1.21369347648353 -2.47215957370851 2.62507943598073
-2.51845484298279 -0.559709817274432 2.90057060317507
-1.48213667939934 -0.33547217158868 3.33438115181861
0.627627676029306 2.19272510614963 3.37026830849117
0.342498572232398 -2.24457305439237 -3.70857462157257
0.981716045934326 0.946543036621672 2.73426719603594
-1.05935966741218 0.455624091350156 1.34026978783682
-1.44926056469403 -2.40225576851555 1.59102292925673
-2.1080940994589 -0.258839625987177 -4.01779748094179
-0.862951443551167 0.5510284529265 -0.271950049475617
-1.75015343156391 -0.618273796487784 4.0768181918328
